208  (2710,9616)
1  (514,142)
2  (626,654)
3  (1510,466)
4  (2118,154)
5  (2302,602)
6  (596,1252)
7  (1536,1284)
8  (2908,166)
800  (17012,5232)
9  (3618,158)
801  (17072,5648)
802  (17124,5428)
803  (17290,5690)
804  (17486,5778)
805  (17544,6042)
806  (17446,6252)
807  (17508,6588)
808  (17720,6896)
809  (17448,7020)
1000  (17332,1704)
810  (17718,7254)
811  (17938,7556)
812  (18078,6366)
813  (17918,6248)
814  (18288,6134)
815  (18080,6094)
816  (17898,6032)
817  (17658,5890)
818  (17858,5866)
819  (18002,5868)
1011  (16544,3162)
1010  (15984,3598)
1008  (16122,3766)
1007  (16336,3668)
1006  (16566,3618)
1005  (16562,3892)
1004  (16204,3952)
1003  (16896,3122)
820  (18210,5868)
1002  (17166,2734)
821  (17938,5570)
1001  (17100,2016)
822  (17768,5568)
823  (17472,5540)
824  (17308,5470)
825  (17506,5314)
826  (17242,5212)
827  (17898,5344)
828  (18280,5278)
829  (18404,5594)
1009  (15708,3798)
1022  (15410,3148)
1021  (15516,2700)
1020  (14966,2156)
1019  (15658,2044)
1018  (15086,1104)
1017  (16216,1578)
1016  (16556,2264)
1015  (16608,2792)
830  (18586,5588)
1014  (16054,3084)
831  (17136,4996)
1013  (15554,3542)
832  (17430,5030)
1012  (16254,3376)
833  (17320,4790)
834  (17672,4954)
835  (17856,5130)
836  (18110,5096)
837  (18480,5132)
838  (18576,5256)
839  (18856,5176)
1033  (14342,2984)
1032  (13472,3728)
1031  (14138,3436)
321.  (10098,3798)
1030  (14462,3322)
1029  (14328,3632)
1028  (13912,3592)
1027  (14230,3896)
840  (18694,5054)
1026  (14632,3760)
841  (18852,4972)
1025  (14980,3858)
600  (11138,4634)
842  (19044,4946)
1024  (14986,3530)
601  (11346,4766)
843  (18320,4922)
1023  (14930,2814)
602  (11404,5124)
844  (18116,4862)
603  (11438,4718)
845  (17856,4906)
604  (11594,4588)
846  (17722,4730)
605  (11696,4686)
847  (17946,4742)
606  (11814,4886)
848  (18066,4580)
607  (12222,5018)
849  (18300,4666)
608  (12152,5296)
609  (12540,5476)
1044  (13250,1732)
1043  (12940,1698)
1042  (13244,1222)
1041  (12836,1300)
1040  (12836,1006)
1039  (13136,892)
850  (18622,4542)
1038  (14108,870)
851  (18640,4826)
1037  (13900,1404)
610  (12522,5896)
852  (18858,4556)
1036  (13976,1852)
611  (12856,5918)
853  (18914,4834)
1035  (14344,2332)
612  (13078,5428)
854  (19034,4648)
1034  (13446,3144)
613  (13616,5526)
855  (19058,4458)
614  (13282,5254)
856  (18842,4266)
615  (12732,4930)
857  (18656,4252)
616  (12480,4782)
858  (18462,4324)
617  (12670,4686)
859  (18314,4452)
618  (12080,4706)
619  (11988,4466)
1055  (19172,6416)
1054  (19426,6228)
1053  (19406,6078)
1052  (19452,5888)
1051  (19344,5892)
1050  (19406,5692)
860  (18898,4094)
861  (18688,4044)
1049  (13182,2802)
620  (11804,4430)
862  (18440,4090)
1048  (13474,2574)
621  (11856,4226)
863  (18190,4320)
1047  (13130,2486)
622  (12064,4188)
864  (11246,5698)
1046  (13366,2234)
623  (12208,4222)
865  (17966,4398)
1045  (12944,2032)
624  (12220,4344)
866  (17722,4486)
625  (12238,4506)
867  (10834,5982)
626  (12388,4590)
868  (17462,4552)
627  (12580,4546)
869  (17266,4326)
628  (12758,4610)
629  (12662,4452)
1066  (18466,7182)
1065  (18614,7096)
1064  (18822,7134)
1063  (19062,7100)
1062  (18856,6948)
1061  (19052,6804)
1060  (19812,6636)
870  (17572,4302)
871  (17776,4234)
630  (12568,4336)
872  (18136,4166)
631  (12424,4444)
873  (18578,3894)
1059  (19830,6494)
632  (12416,4286)
874  (18218,3992)
1058  (19786,6262)
633  (12482,4130)
875  (18040,3924)
1057  (19622,6538)
634  (12360,3970)
1056  (19530,6364)
635  (12296,4116)
877  (17554,3992)
636  (12156,3950)
637  (11924,4002)
638  (11954,3798)
639  (12210,3822)
1076  (19394,7336)
1075  (19788,7714)
1074  (19424,7864)
1073  (19178,7874)
1072  (18918,7854)
1071  (18608,7790)
1070  (18248,7746)
880  (17334,4042)
881  (17206,3932)
640  (12250,3646)
882  (17040,4184)
641  (12002,3652)
883  (17028,3978)
400  (10772,3542)
642  (11802,3648)
884  (16840,3758)
401  (10902,3538)
643  (11580,3762)
885  (16800,4004)
1069  (18962,7404)
402  (11040,3566)
644  (11606,3872)
886  (17068,3554)
1068  (18766,7448)
403  (10800,3402)
645  (11194,3886)
887  (16794,3338)
1067  (18626,7310)
404  (10978,3408)
646  (11118,3752)
888  (17484,3348)
405  (10814,3292)
647  (11382,3548)
889  (17496,3700)
406  (11028,3272)
648  (11372,3696)
407  (10812,3190)
649  (11620,3616)
408  (11044,3074)
409  (10812,3066)
1080  (20046,7054)
1088  (21272,7810)
1087  (21416,7416)
1086  (21306,7580)
1084  (21000,7320)
1083  (20562,7178)
1082  (20392,7510)
890  (17874,3690)
1081  (20128,7526)
891  (17936,3370)
650  (11674,3478)
892  (18194,3522)
651  (11914,3512)
893  (18220,3778)
410  (10956,2984)
652  (12050,3448)
894  (18462,3764)
411  (10854,2896)
653  (12228,3482)
895  (18784,3752)
412  (10776,2714)
654  (12294,3360)
896  (18608,3648)
413  (10826,2440)
655  (12070,3324)
897  (18400,3564)
1079  (19466,7122)
414  (10860,2228)
656  (11614,4048)
898  (18630,3474)
1078  (19358,7494)
415  (10748,2074)
657  (11160,4076)
899  (18774,3434)
416  (10796,1826)
658  (11198,4296)
417  (10704,1632)
659  (7718,4684)
418  (10852,1600)
419  (10974,1830)
1091  (18984,9554)
1090  (21754,7748)
1099  (20786,8580)
1098  (20424,9324)
1097  (19836,9134)
1096  (20064,8504)
w400  (19000,6320)
1095  (19408,8694)
1094  (19672,8574)
1093  (19448,8950)
1092  (18986,9130)
660  (7760,5012)
661  (7354,5028)
420  (10996,1980)
662  (7274,5454)
421  (11026,2184)
663  (7610,5372)
422  (11020,2420)
664  (8346,5584)
423  (10932,2638)
665  (7376,5934)
424  (11002,2812)
666  (7788,6110)
425  (11186,2908)
667  (7872,6484)
1089  (21482,7764)
426  (11414,3088)
668  (7568,6556)
427  (11370,2882)
669  (7828,6732)
428  (11352,2716)
429  (11122,2644)
670  (8340,6416)
671  (8642,6346)
430  (11398,2600)
672  (9314,5644)
431  (11254,2520)
673  (9210,6100)
432  (11188,2376)
674  (8952,6492)
433  (11332,2250)
675  (9370,6640)
434  (11448,2420)
676  (10014,6276)
435  (11266,2044)
677  (9944,7134)
436  (11582,2742)
678  (9642,6998)
437  (11644,2516)
679  (10454,5976)
438  (11644,2368)
7876  (17802,3984)
439  (11608,2254)
680  (10546,6388)
681  (10616,6800)
440  (11630,2094)
682  (10780,7216)
441  (11486,1920)
683  (10782,5552)
200  (3576,9392)
442  (11292,1846)
201  (3344,9354)
443  (11132,1762)
685  (11468,5428)
202  (3206,9262)
444  (10924,1458)
686  (11650,5712)
203  (2982,9298)
445  (11022,1564)
446  (11186,1484)
688  (11138,6614)
205  (2576,9834)
447  (11320,1612)
689  (11356,6160)
206  (2506,9414)
448  (11530,1640)
207  (2932,9568)
449  (11664,1686)
209  (3084,9478)
w214  (17866,8634)
w215  (17526,9198)
w212  (17102,8114)
w213  (18072,8056)
w210  (16970,6988)
690  (11592,6448)
w211  (17086,7536)
691  (11750,6146)
450  (11834,1778)
692  (11838,6354)
451  (11732,1902)
693  (11852,6610)
210  (3364,9514)
452  (12038,1748)
694  (11638,6768)
211  (3148,9676)
453  (11998,2030)
695  (11816,6952)
w209  (16360,7026)
212  (2996,9802)
454  (11992,2212)
696  (12002,6738)
213  (2884,9848)
455  (11832,2280)
697  (12044,6550)
w207  (16972,5964)
214  (2738,9774)
456  (11840,2502)
698  (12116,6184)
w208  (17084,6346)
215  (2858,10028)
457  (11996,2460)
699  (11944,5840)
w205  (16554,5898)
216  (2710,9988)
458  (11748,2736)
w206  (16446,6372)
217  (3086,9934)
459  (11902,2712)
218  (3036,10088)
w203  (16350,5596)
w204  (16012,6050)
w201  (14936,5680)
w202  (14402,5414)
w200  (14460,6068)
460  (12092,2692)
461  (11724,2980)
220  (2554,10424)
462  (11906,2952)
221  (2776,10452)
463  (12082,2836)
222  (2972,10468)
464  (11898,3108)
223  (2880,10278)
465  (12178,2968)
224  (2846,10690)
466  (12102,3180)
225  (3882,10662)
467  (12310,3088)
226  (5390,392)
468  (12286,3246)
227  (4960,596)
469  (12478,3300)
228  (5162,850)
229  (5466,1008)
w236  (20014,5744)
w237  (18180,5558)
w235  (18998,5842)
w232  (20066,6792)
470  (12606,3264)
w233  (18490,6396)
471  (12490,3082)
w230  (19150,7438)
230  (5734,574)
472  (12532,2898)
w231  (19930,7358)
231  (7178,714)
473  (12740,3042)
232  (7274,828)
474  (12794,2714)
233  (8486,1316)
475  (12272,2574)
234  (8456,1586)
476  (12652,2374)
235  (8536,1488)
477  (12350,2228)
w229  (18226,7432)
236  (8596,1758)
478  (12302,1848)
237  (8632,1908)
479  (12606,1652)
w227  (19418,8318)
238  (8478,2026)
w228  (18946,8028)
239  (8620,2060)
w225  (20682,11158)
w226  (18700,8520)
w223  (20494,10340)
w224  (19736,9932)
480  (12154,1450)
w221  (19440,11280)
481  (12468,1210)
w222  (18810,10152)
240  (8656,2160)
482  (12188,1076)
241  (8740,2236)
483  (12410,872)
w220  (19578,10636)
242  (8468,2236)
484  (12190,610)
243  (8850,2046)
485  (11798,618)
244  (8060,1962)
486  (12214,182)
245  (8210,1832)
487  (11890,822)
246  (8048,1782)
488  (11594,866)
w218  (17500,10968)
247  (8256,1680)
489  (11646,1064)
w219  (18254,11006)
248  (6636,3348)
w216  (18282,9522)
249  (7172,4748)
w217  (17508,10024)
w250  (20994,3572)
w251  (21740,3556)
w258  (21848,7230)
w259  (20108,7948)
w256  (21042,6244)
w257  (21028,6942)
w254  (21628,5072)
250  (6618,5954)
w255  (20904,5468)
251  (7638,3808)
w252  (21670,4198)
252  (7626,3602)
w253  (21024,4118)
253  (7728,3444)
254  (7796,3254)
255  (7806,4032)
256  (7768,3902)
257  (7870,3682)
258  (7752,3606)
259  (7996,3434)
w249  (22010,2694)
w240  (19756,4412)
w247  (20812,2702)
w248  (21442,2482)
w245  (19936,1848)
w246  (20966,1512)
260  (8100,3300)
w243  (19910,3690)
261  (7970,3956)
w244  (20216,2708)
262  (7934,3804)
w241  (20540,4752)
263  (8088,3746)
w242  (20152,4054)
264  (7984,3658)
265  (8092,3558)
266  (8158,4022)
267  (8264,3708)
268  (8180,3872)
269  (8256,3500)
w238  (19110,5366)
w239  (19262,4310)
w272  (22782,8522)
w273  (22354,9328)
w270  (24310,9288)
w271  (22872,9336)
w278  (22656,7042)
270  (8316,3344)
w279  (23140,6356)
271  (8306,3934)
w276  (23314,7540)
272  (8376,3788)
w277  (22356,7918)
273  (8410,3572)
w274  (23472,8470)
274  (8552,3610)
w275  (24154,8498)
275  (8688,3518)
276  (8498,3452)
277  (8700,3390)
278  (8502,3320)
279  (8534,3136)
1935  (15888,5024)
w261  (21898,8416)
w262  (21770,11102)
w260  (20908,8004)
w269  (23488,9564)
280  (8504,2904)
w267  (24156,10242)
281  (8444,2762)
w268  (22720,10218)
282  (8754,3232)
w265  (23206,10958)
283  (8744,3052)
w266  (24144,11006)
284  (8628,2842)
w263  (21482,10432)
285  (8644,2666)
w264  (22104,10100)
286  (9088,3350)
287  (9056,3170)
288  (9014,2980)
289  (8818,2872)
w294  (23112,3070)
w295  (22548,2890)
w292  (24832,3318)
w293  (23878,3258)
w290  (23108,4020)
w291  (22496,4076)
290  (8908,2738)
291  (8736,2740)
292  (8876,2532)
293  (9338,3334)
w298  (23162,2316)
294  (9276,3258)
w299  (23802,1268)
295  (9246,3098)
w296  (24234,2448)
296  (9330,3012)
w297  (24932,2202)
297  (9224,2926)
298  (9214,2750)
299  (9060,2696)
w283  (24904,6936)
w284  (23770,5402)
w281  (22110,6024)
w282  (24608,5896)
w280  (24096,6942)
w289  (23800,4308)
w287  (22372,4864)
w288  (24774,4224)
w285  (24526,5016)
w286  (23010,5080)
900  (18844,3546)
901  (18900,3680)
902  (19040,3736)
903  (19088,3576)
904  (19264,3628)
905  (19272,3744)
906  (19384,3908)
907  (19448,3812)
908  (19594,4108)
909  (19432,3616)
910  (19582,3472)
912  (19456,3408)
913  (19262,3448)
914  (19134,3330)
915  (18914,3432)
916  (18962,3298)
917  (18754,3272)
918  (18554,3246)
919  (18246,3248)
1110  (22504,10972)
1107  (20834,9922)
1106  (21500,9666)
1105  (21854,9296)
1104  (21434,8544)
1103  (21440,8994)
1102  (21114,8566)
1101  (20896,9220)
920  (17860,3016)
1100  (20494,8272)
921  (18008,2682)
922  (18242,2904)
923  (18482,3052)
924  (18756,3014)
925  (18856,3160)
926  (19048,3084)
927  (19298,3216)
1109  (21084,10600)
928  (19656,3216)
1108  (21418,10152)
929  (19862,3312)
1121  (22604,7730)
1120  (22808,7930)
1118  (23162,8928)
1117  (24516,8920)
1116  (25062,9318)
1115  (24324,9666)
1114  (23238,9980)
1113  (23280,10196)
930  (19992,2912)
1112  (23116,10486)
931  (19912,3060)
1111  (22742,10736)
932  (19690,2998)
933  (19532,2922)
934  (19362,3022)
935  (19172,2860)
936  (18986,2880)
937  (18674,2832)
938  (18436,2624)
939  (18676,2608)
1119  (23090,7968)
1132  (23560,6272)
1131  (23274,6918)
1130  (22646,6382)
1129  (22082,6706)
1128  (21852,6596)
1127  (21648,6648)
1126  (21474,6550)
1125  (21252,6516)
940  (18990,2596)
1124  (20490,6544)
941  (19254,2614)
1123  (22358,7370)
700  (12334,6282)
942  (19424,2736)
1122  (22224,7532)
701  (12152,6432)
943  (19602,2568)
702  (12400,6420)
944  (19770,2802)
703  (12408,6582)
945  (19870,2530)
704  (12298,6718)
946  (19526,2338)
705  (12216,6838)
947  (18942,2424)
706  (12492,6938)
948  (19066,2178)
707  (12740,6756)
949  (18112,2306)
708  (12632,6600)
709  (12586,6444)
1143  (21052,4798)
1142  (23074,5702)
1141  (22660,5728)
1140  (21316,5468)
1139  (21184,5616)
1138  (21250,5942)
1137  (26302,7090)
950  (18496,2056)
1136  (25294,7594)
951  (19168,1732)
1135  (23354,6038)
710  (12920,6502)
952  (19880,1342)
1134  (24194,7914)
711  (11646,7410)
953  (19418,1308)
1133  (24054,7644)
712  (12112,7194)
954  (18966,1310)
713  (12360,7134)
955  (18620,1696)
714  (10112,7602)
956  (18072,1772)
715  (10662,7724)
957  (17824,2030)
716  (10924,7996)
958  (17640,2398)
717  (11336,8232)
959  (18116,1362)
718  (11758,7888)
719  (11826,8498)
1154  (24426,986)
1153  (24042,860)
1152  (26078,6782)
1151  (26288,5506)
1150  (26274,5298)
1149  (26080,5152)
960  (18594,1292)
1148  (25882,5082)
1147  (25322,6052)
720  (10006,8032)
1146  (24488,4726)
721  (10294,7970)
1145  (23446,4508)
722  (10020,8366)
1144  (22040,4776)
723  (10344,8292)
724  (10660,8364)
725  (9796,8598)
726  (10170,8526)
727  (10088,8986)
728  (10644,9022)
729  (11042,8792)
1165  (27946,168)
1164  (27296,94)
1163  (27374,416)
1162  (27306,732)
1161  (26802,632)
1160  (26880,326)
970  (18820,768)
971  (19448,624)
1159  (26512,298)
730  (11520,9028)
972  (19792,988)
1158  (26088,286)
731  (10942,9316)
973  (20526,384)
1157  (25590,744)
732  (10666,9696)
974  (20556,868)
1156  (25128,852)
w11  (9208,570)
733  (10300,9914)
975  (21716,438)
1155  (24804,938)
w10  (9240,82)
734  (12612,8740)
976  (21804,1846)
w13  (10074,124)
977  (21868,2518)
w12  (9854,616)
736  (12478,3500)
978  (21582,2932)
w15  (10806,94)
737  (12454,3792)
979  (20434,2360)
w14  (10238,382)
738  (12632,3708)
w17  (11688,150)
739  (12756,3478)
w16  (10894,300)
w19  (11210,916)
w18  (11384,466)
1176  (29492,2410)
1175  (28726,2510)
1174  (28524,2276)
1173  (28268,2006)
1172  (28770,1772)
1171  (28334,1610)
1170  (29348,1344)
980  (21186,3142)
981  (20690,3376)
740  (12802,3724)
982  (20520,3486)
741  (12966,3756)
983  (20616,3902)
1169  (28542,1290)
w20  (10276,1400)
500  (11936,1092)
742  (12650,4068)
984  (20616,4118)
1168  (29150,808)
501  (11634,1284)
743  (12880,4002)
985  (20686,4282)
1167  (29154,178)
w22  (11208,1236)
502  (11834,1426)
744  (12786,4304)
986  (20526,4272)
1166  (28138,686)
w21  (10970,1328)
503  (11534,1452)
745  (13164,4360)
987  (20298,4386)
w24  (9128,992)
504  (11370,1338)
746  (12984,4588)
988  (20424,4414)
w23  (9530,1006)
505  (11388,1144)
747  (13482,4234)
989  (20014,4448)
w26  (9292,1460)
506  (11120,1328)
748  (13404,4692)
w25  (9070,1382)
507  (11102,1146)
749  (13824,4732)
w28  (9310,2006)
508  (10928,1226)
w27  (9290,1768)
509  (10852,1362)
w29  (9752,1852)
1187  (28956,4084)
1186  (29302,2822)
1185  (28612,4030)
1184  (28474,3778)
1183  (29532,3930)
1182  (28996,3708)
1181  (29178,3288)
1180  (28454,3384)
990  (19948,4708)
991  (20184,4614)
750  (14226,4844)
992  (19648,4868)
751  (14358,4562)
993  (19548,5000)
510  (10654,1426)
752  (14144,4502)
994  (19572,5112)
w31  (8962,2178)
511  (10730,1264)
753  (13934,4374)
995  (19538,4408)
1179  (28236,3358)
w30  (10266,1882)
512  (10714,1110)
754  (14168,4244)
996  (16162,394)
1178  (28416,2770)
w33  (8828,1742)
513  (10564,1182)
755  (13890,4030)
997  (17894,1084)
1177  (29432,1928)
w32  (9006,1816)
514  (10476,1230)
756  (13636,3996)
998  (16814,1236)
w35  (8552,984)
515  (10508,1442)
757  (14398,4068)
999  (17412,1366)
w34  (8802,1338)
516  (10430,1344)
758  (14710,4086)
w37  (8358,1832)
517  (10584,1028)
759  (14770,4236)
w36  (7526,1198)
518  (10798,1006)
w39  (7002,1258)
519  (10978,970)
w38  (7700,1940)
1190  (29236,4474)
1198  (20516,2674)
1197  (19326,2422)
1196  (10066,3148)
1195  (8740,1814)
1194  (1702,786)
1193  (29596,5188)
1192  (29658,4796)
1191  (29412,4826)
760  (14444,4220)
761  (14538,4356)
520  (10882,774)
762  (14780,4442)
521  (11150,708)
763  (14520,4708)
w42  (8670,2514)
522  (10770,702)
764  (14792,5016)
w41  (8552,2396)
523  (10652,856)
765  (15066,4620)
1189  (29632,4452)
w44  (8254,3028)
524  (10668,650)
766  (15202,4290)
1188  (29372,4170)
w43  (7990,2702)
525  (10568,732)
767  (15522,4680)
w46  (6854,2876)
526  (10506,464)
768  (15616,4360)
w45  (7424,2704)
527  (10386,716)
769  (15392,3994)
528  (10108,668)
w47  (7076,2282)
529  (10154,838)
770  (15862,4064)
771  (15988,4386)
530  (10266,894)
772  (16038,4656)
w51  (4500,1886)
531  (10334,982)
773  (15874,4852)
w50  (5308,2134)
532  (10190,1072)
774  (15706,4970)
w53  (5340,3094)
533  (9816,1056)
775  (15346,5036)
w52  (4686,2586)
534  (9990,1096)
776  (15210,5294)
w55  (6310,3022)
535  (10056,1252)
777  (15718,5250)
w54  (3806,2816)
536  (9906,1318)
778  (15170,5572)
w57  (7410,3628)
537  (10026,1468)
779  (16122,5394)
w56  (7416,3150)
538  (10192,1580)
w59  (6178,3838)
539  (10052,1668)
w58  (6944,3642)
780  (15298,5774)
781  (15644,5778)
w60  (2754,3918)
540  (9940,1886)
782  (15694,6026)
541  (9838,1688)
783  (15492,6272)
w62  (4360,3754)
300  (9008,2496)
542  (9718,1548)
784  (15844,6570)
w61  (3548,3900)
301  (9060,2346)
543  (9770,1386)
785  (16796,6102)
w64  (2324,4874)
302  (9122,2544)
544  (9522,1378)
786  (16114,5024)
w63  (5044,4348)
303  (9272,2212)
545  (9502,1660)
787  (16172,4834)
w66  (994,4836)
304  (9194,2354)
546  (7882,4216)
w65  (3366,4870)
305  (9298,2512)
547  (7906,4344)
789  (16442,5198)
w68  (4942,5118)
306  (9312,2644)
548  (8160,4324)
w67  (4230,4760)
307  (9480,2698)
549  (7842,4504)
308  (9400,2844)
w69  (5528,5206)
309  (9590,2872)
w313  (25796,3052)
w314  (26774,3098)
w311  (27990,2052)
w312  (27426,2572)
w310  (27860,1266)
790  (16524,4896)
791  (16524,4628)
550  (8044,4460)
792  (16400,4490)
w71  (5574,4204)
551  (8318,4236)
793  (16630,4424)
w70  (7916,2310)
310  (9472,3050)
552  (8358,4414)
794  (16474,4236)
w73  (7010,4166)
w308  (26628,2128)
311  (9476,3208)
553  (8492,4174)
795  (16904,4384)
w72  (6140,4726)
w309  (27364,1908)
312  (9624,3146)
554  (8536,4300)
796  (17012,4596)
w75  (8034,4116)
w306  (26094,1452)
313  (9534,3414)
555  (8540,4514)
797  (16922,4762)
w74  (7456,4312)
w307  (25784,2068)
314  (9662,3304)
556  (9078,5080)
798  (16932,4996)
w77  (8886,3662)
w304  (25450,342)
315  (9664,3554)
557  (8742,4534)
799  (16826,5152)
w76  (8716,3952)
w305  (26538,956)
316  (9796,3570)
558  (8736,4286)
w79  (6238,2114)
317  (9832,3466)
559  (8672,4132)
w78  (7074,1952)
318  (9856,3732)
319  (9932,3682)
w302  (24578,390)
w303  (25216,1250)
w300  (22532,1288)
w301  (23594,382)
w80  (9192,3608)
560  (8926,4106)
561  (8962,4246)
w82  (9622,3706)
320  (10038,3670)
562  (8998,4396)
w81  (9184,3870)
563  (9194,4162)
w84  (9674,4264)
322  (10146,3964)
564  (9256,4384)
w83  (9576,3970)
323  (9958,4112)
565  (9192,4584)
w86  (10420,3942)
324  (9838,4118)
566  (9330,4072)
w85  (10160,4304)
325  (9910,4324)
567  (9396,4224)
w88  (9976,3488)
326  (9398,3794)
568  (9426,4362)
w87  (10558,4310)
327  (9410,3710)
569  (9314,4484)
328  (9402,3562)
w89  (10892,4344)
329  (8736,3838)
w335  (25338,10096)
w336  (26242,9914)
w333  (25820,8284)
w334  (27044,8822)
w331  (25710,7172)
w332  (24856,8220)
570  (9452,4494)
w91  (11434,4158)
571  (9626,4520)
w90  (11460,4402)
w330  (26944,7640)
572  (9418,4618)
w93  (11224,3370)
573  (9458,4756)
w92  (10928,3838)
574  (9568,4964)
w95  (12324,3516)
575  (9660,4814)
w94  (11702,3210)
576  (9668,4668)
w97  (6832,5278)
w328  (27472,6442)
577  (9790,4522)
w96  (13082,3500)
w329  (27822,7426)
578  (10008,4648)
w99  (5652,6076)
w326  (27498,5848)
579  (9860,4740)
w98  (6204,5632)
w327  (25804,6324)
w324  (17776,6538)
w325  (27758,5050)
w322  (25564,5518)
w323  (26662,6016)
w320  (25668,4802)
580  (9772,4886)
w321  (26832,5074)
581  (10046,4800)
340  (9764,3128)
582  (9938,4934)
341  (9714,2994)
583  (9922,5090)
100  (2272,7396)
342  (9732,2714)
584  (10372,5206)
101  (2496,7122)
343  (9578,2596)
585  (10254,4960)
w319  (28096,3632)
102  (2536,7386)
344  (9444,2440)
586  (10242,4700)
103  (2442,7532)
345  (9362,2338)
587  (10410,4522)
w317  (27084,4184)
104  (2462,7698)
346  (9442,2204)
588  (10418,4824)
w318  (27822,4196)
105  (2316,7826)
347  (9554,2134)
589  (10540,5044)
w315  (27760,3062)
106  (2504,8152)
348  (9582,1916)
w316  (25908,4200)
107  (2712,8226)
349  (9776,2016)
108  (2620,7982)
109  (2628,7792)
w350  (1090,1848)
w115  (7198,7914)
w357  (15342,3350)
w116  (7954,7910)
w358  (13992,2388)
w113  (5624,7642)
w355  (11250,7766)
w114  (6248,7816)
w356  (11644,8322)
590  (10558,4868)
w111  (4262,6370)
w353  (2348,3008)
591  (10556,4704)
w112  (7652,7084)
w354  (2016,3170)
350  (9810,2232)
592  (10604,4556)
w351  (1508,2514)
351  (9636,2308)
593  (10766,4670)
w110  (5004,6716)
w352  (1970,2822)
110  (2672,7626)
352  (9630,2448)
594  (10832,4840)
111  (2960,7498)
353  (9816,2372)
595  (10790,5070)
112  (2984,7168)
354  (9858,2516)
596  (10760,5288)
113  (3062,6840)
355  (9884,2680)
597  (11094,5158)
114  (2964,6692)
356  (9888,2880)
598  (11132,4818)
w108  (6150,7084)
115  (2794,6572)
357  (9876,3002)
599  (10942,4680)
w109  (6746,6948)
116  (3026,6384)
358  (9956,3150)
w106  (6958,6298)
w348  (28384,4184)
117  (2718,6296)
359  (10078,3400)
w107  (6268,6280)
w349  (28916,4396)
118  (2646,6072)
119  (2938,6162)
10  (3440,704)
11  (508,1904)
12  (1658,2142)
13  (1994,1784)
14  (3128,1710)
15  (3502,1488)
16  (3926,2130)
17  (3182,2226)
18  (2550,2368)
19  (2172,2618)
w104  (4270,5874)
w346  (28562,6474)
w105  (2060,5768)
w347  (28914,5202)
w102  (3196,5488)
w344  (29000,7590)
w103  (3344,5918)
w345  (29470,6414)
w100  (5086,5914)
w342  (29400,9008)
360  (10148,3300)
w101  (4216,5384)
w343  (28002,8516)
361  (10304,3530)
w340  (28578,10304)
120  (3156,6114)
362  (10308,3360)
w341  (29464,11014)
121  (3234,6290)
363  (10292,3206)
122  (3208,6454)
364  (10178,3068)
123  (3444,6384)
365  (10192,2928)
124  (3404,6634)
366  (10028,2816)
125  (3408,6902)
367  (10084,2744)
w339  (27030,9778)
126  (3684,6498)
368  (10254,2794)
127  (3654,6668)
369  (10120,2654)
w337  (26788,10904)
128  (3918,6630)
w338  (27774,10228)
129  (3962,6820)
20  (280,2402)
21  (1020,2498)
22  (234,3196)
23  (1164,3306)
w130  (1126,10618)
24  (1328,2834)
25  (1778,3052)
26  (2278,2906)
27  (2652,2808)
28  (2944,2722)
29  (3390,2788)
w137  (1278,8966)
w138  (2122,8638)
w135  (1904,9168)
w136  (362,9216)
370  (10136,2542)
w133  (1156,9886)
371  (9982,2430)
w134  (2126,9950)
130  (3754,7148)
372  (10016,2258)
w131  (406,11174)
131  (4228,7082)
373  (10178,2196)
w132  (320,9908)
132  (4498,6944)
374  (10190,2386)
133  (4912,7100)
375  (10412,2152)
134  (3540,7522)
376  (10408,2368)
135  (4172,7464)
377  (10346,2594)
136  (4622,7342)
378  (10524,1850)
137  (5036,7396)
379  (10600,2016)
138  (5342,7250)
w128  (1570,11282)
139  (5304,7520)
w129  (2254,10812)
30  (4164,2700)
31  (4382,2782)
32  (3128,2938)
33  (2824,3000)
34  (2814,3206)
4085  (21032,7614)
35  (2492,3268)
36  (2512,3498)
37  (2058,3380)
38  (2334,3682)
39  (2050,3944)
w126  (3446,9974)
w127  (3644,10966)
w124  (4518,8892)
380  (10590,2268)
w125  (3892,9446)
381  (10574,2482)
w122  (5736,10912)
140  (5152,7696)
382  (10528,2620)
w123  (4490,9736)
141  (5000,8064)
383  (10566,2790)
w120  (5390,8306)
142  (4772,7874)
384  (10482,2880)
w121  (6146,10084)
143  (4722,7610)
385  (10396,3026)
144  (4402,7716)
386  (10444,3192)
145  (4160,7778)
387  (10458,3348)
146  (3806,7790)
388  (10478,3478)
147  (3504,7976)
389  (10536,3654)
w119  (5500,9136)
148  (3228,8042)
149  (3014,7836)
w117  (7864,8726)
w359  (17726,2762)
w118  (6796,8770)
40  (1790,3730)
41  (822,3846)
42  (1740,4086)
43  (1318,4134)
44  (996,4250)
w151  (56,5874)
45  (1808,4436)
w152  (8764,7064)
46  (370,4182)
47  (60,4584)
w150  (376,6284)
48  (302,4738)
49  (126,5034)
w159  (7392,10256)
390  (10604,3786)
w157  (8660,9624)
391  (10672,3870)
w158  (7364,9512)
150  (2854,7930)
392  (10820,3924)
w155  (8702,8214)
151  (2908,8188)
393  (10724,4024)
w156  (9352,8244)
152  (3064,8092)
394  (10818,3710)
w153  (8692,7576)
153  (2512,8434)
395  (10732,3664)
w154  (9410,7538)
154  (2830,8384)
396  (10638,3522)
155  (3166,8264)
397  (10646,3326)
156  (3346,8310)
398  (10596,3172)
157  (3518,8194)
399  (10644,2992)
158  (3826,8094)
159  (4108,8000)
w1  (2688,82)
50  (376,5124)
w2  (2486,1178)
51  (150,5324)
w3  (4232,918)
52  (466,5348)
w4  (5414,1422)
53  (468,5478)
w5  (6398,1218)
54  (692,5480)
w6  (6554,480)
55  (832,5408)
w7  (7622,350)
w140  (2194,8142)
56  (1018,5312)
w8  (8376,194)
w141  (268,8472)
57  (1178,5178)
w9  (8366,688)
58  (1128,5422)
59  (1022,5516)
w148  (1120,5980)
w149  (532,5688)
w146  (1400,6426)
160  (4406,7954)
w147  (880,6376)
161  (4666,8190)
w144  (234,7298)
162  (4292,8270)
w145  (1402,6928)
163  (3944,8382)
w142  (1644,7734)
164  (3574,8472)
w143  (858,7128)
165  (3378,8426)
166  (3136,8422)
167  (3010,8522)
168  (2736,8520)
169  (2500,8716)
w139  (1032,8136)
60  (944,5646)
61  (1196,5630)
62  (1432,5620)
63  (1284,5760)
64  (1518,5776)
65  (1344,5878)
66  (1458,6034)
w173  (13254,6588)
67  (1642,6106)
68  (1960,6208)
w171  (12566,7568)
69  (2228,5284)
w172  (12914,7016)
w170  (12474,8138)
170  (2732,8736)
w179  (13550,5962)
171  (2900,8680)
172  (3106,8684)
w177  (13034,4906)
173  (3264,8534)
w178  (13940,5578)
174  (3472,8562)
w175  (12888,6226)
175  (3652,8632)
w176  (12070,5634)
176  (3826,8764)
177  (4272,8584)
178  (4116,8814)
179  (3982,8914)
70  (2216,5586)
71  (2664,5478)
72  (2132,6056)
73  (832,6708)
74  (1912,6382)
75  (1724,6622)
76  (1694,6758)
77  (1768,6866)
w162  (9416,11058)
78  (1634,7066)
w163  (9662,10196)
79  (1930,7144)
w160  (7314,11024)
w161  (8550,10924)
180  (3840,9010)
181  (3768,9144)
w168  (11900,9870)
182  (3726,8954)
w169  (11978,9002)
183  (3630,9084)
w166  (11400,11098)
184  (3468,9074)
w167  (11002,10350)
185  (3560,8932)
w164  (9462,9302)
186  (3532,8796)
w165  (10286,10858)
187  (3498,8700)
188  (3294,8726)
189  (3410,8910)
80  (1868,7000)
81  (1960,6738)
82  (2050,6562)
83  (2102,6352)
84  (2216,6278)
85  (2302,6138)
86  (2482,6274)
87  (2540,6458)
88  (2272,6514)
w195  (14914,7540)
89  (2434,6592)
w196  (14186,6986)
w193  (15234,8622)
w194  (16002,7980)
w191  (14414,8386)
w192  (16380,8634)
w190  (16054,9388)
190  (3214,8838)
191  (2920,8906)
192  (3266,9036)
193  (2722,8988)
194  (2520,9122)
w199  (15058,6066)
195  (2756,9222)
196  (2924,9128)
w197  (15158,6712)
197  (3146,9106)
w198  (15770,7016)
198  (3396,9184)
199  (3522,9242)
90  (2244,6634)
91  (2612,6756)
92  (2258,6790)
93  (2100,6938)
94  (2342,6944)
95  (2158,7098)
96  (1792,7278)
97  (2046,7348)
98  (1942,7586)
99  (2228,7632)
w184  (13042,9670)
w185  (13994,9680)
w182  (13120,8330)
w183  (13734,8446)
w180  (13874,6240)
w181  (13574,7266)
w188  (15128,10842)
w189  (16534,10760)
w186  (12880,10946)
w187  (13874,10956)